6946816
6864896
6848512
6897664
6955040
6873120
6856736
6905888
6946864
6864944
6848560
6897712
6955088
6873168
6856784
6905936
6946912
6864992
6848608
6897760
6955152
6873232
6856848
6906000
6946976
6865056
6848672
6897824
6955200
6873280
6856896
6906048
6947024
6865104
6848720
6897872
6955248
6873328
6856944
6906096
6955264
6873344
6856960
6906112
6947088
6865168
6848784
6897936
6955312
6873392
6857008
6906160
6947136
6865216
6848832
6897984
6955360
6873440
6857056
6906208
6947184
6865264
6848880
6898032
6947200
6865280
6848896
6898048
1515936
6955424
6873504
6857120
6906272
6947248
6865328
6848944
6898096
6955472
6873552
6857168
6906320
6947296
6865376
6848992
6898144
6955520
6873600
6857216
6906368
6947344
6865424
6849040
6898192
6955568
6873648
6857264
6906416
6947392
6865472
6849088
6898240
6955616
6873696
6857312
6906464
6947440
6865520
6849136
6898288
6947456
6865536
6849152
6898304
6955680
6873760
6857376
6906528
6947504
6865584
6849200
6898352
6955728
6873808
6857424
6906576
6898400
6947552
6865632
6849248
6955792
6873872
6857488
6906640
6947616
6865696
6849312
6898464
6955840
6873920
6857536
6906688
6947664
6865744
6849360
6898512
6955888
6873968
6857584
6906736
6955904
6873984
6857600
6906752
6947728
6865808
6849424
6898576
6955952
6874032
6857648
6906800
6947776
6865856
6849472
6898624
6956000
6874080
6857696
6906848
6947824
6865904
6849520
6898672
6956032
6874112
6857728
6947856
6865936
6849552
6898704
6956080
6874160
6857776
6947904
6865984
6849600
6898752
6956128
6857824
6947952
6866032
6849648
6898800
6898816
6947968
6866048
6849664
6956192
6874272
6857888
6898864
6948016
6866096
6849712
6956240
6874320
6857936
6898912
6948064
6866144
6849760
1516816
6956304
6874384
6858000
6898976
6948128
6866208
6849824
6956352
6874432
6858048
6899024
6948176
6866256
6849872
6956400
6874480
6858096
6948240
6866320
6849936
6899088
6956464
6874544
6858160
6948288
6866368
6849984
6899136
6956512
6874592
6858208
6948336
6866416
6850032
6899184
6956560
6858256
6907408
6948384
6866464
6850080
6899232
6956608
6874688
6858304
6907456
6948432
6866512
6850128
6899280
1517168
6956656
6874736
6858352
6907504
6956672
6858368
6907520
6948496
6866576
6850192
6899344
6956720
6858416
6907568
6948544
6866624
6850240
6899392
6956768
6858464
6907616
6948592
6866672
6850288
6899440
6948608
6866688
6850304
6899456
6956832
6874912
6858528
6907680
6948656
6866736
6850352
6899504
6956880
6858576
6907728
6948704
6866784
6850400
6899552
6956944
6875024
6858640
6948768
6866848
6850464
6899616
6956992
6875072
6858688
6907840
6899664
6948816
6866896
6850512
6957040
6858736
6907888
6957056
6875136
6858752
6907904
6948880
6866960
6850576
6899728
6957104
6875184
6858800
6907952
6948928
6867008
6850624
6899776
6957152
6875232
6858848
6908000
6948976
6867056
6850672
6899824
6948992
6867072
6850688
6899840
6957216
6875296
6858912
6908064
6949040
6867120
6850736
6899888
6957264
6875344
6858960
6908112
6949088
6867168
6850784
6899936
6957328
6875408
6859024
6908176
6949152
6867232
6850848
6900000
6957376
6875456
6859072
6908224
6949200
6867280
6850896
6900048
6957424
6875504
6859120
6908272
6957440
6875520
6859136
6908288
6949264
6867344
6850960
6900112
6957488
6875568
6859184
6908336
6949312
6867392
6851008
6900160
6957536
6875616
6859232
6908384
6949360
6867440
6851056
6900208
6957584
6875664
6859280
6908432
6949408
6867488
6851104
6900256
6957632
6875712
6859328
6908480
6949456
6867536
6851152
6900304
6957680
6875760
6859376
6908528
6957696
6875776
6859392
6908544
6949520
6867600
6851216
6900368
6957744
6875824
6859440
6908592
6949568
6867648
6851264
6900416
6957792
6875872
6859488
6908640
6949616
6867696
6851312
6900464
7326464
6949632
6867712
6851328
6900480
6957856
6875936
6859552
6908704
7326512
6949680
6867760
6851376
6900528
6957904
6875984
6859600
6908752
6949728
6867808
6851424
6900576
6957968
6876048
6859664
6908816
6949792
6867872
6851488
6900640
6958016
6876096
6859712
6908864
6949840
6867920
6851536
6900688
6958064
6876144
6859760
6908912
6958096
6876176
6859792
6908944
6949920
6868000
6851616
6900768
6958144
6876224
6859840
6908992
6949968
6868048
6851664
6900816
6958192
6876272
6859888
6909040
6958208
6876288
6859904
6909056
6950032
6868112
6851728
6900880
6958256
6876336
6859952
6909104
6950080
6868160
6851776
6900928
6958304
6876384
6860000
6909152
6950128
6868208
6851824
6900976
6950144
6868224
6851840
6900992
6958368
6876448
6860064
6909216
6950192
6868272
6851888
6901040
6958416
6876496
6860112
6909264
6950240
6868320
6851936
6901088
6958480
6876560
6860176
6909328
6950304
6868384
6852000
6901152
6958528
6876608
6860224
6909376
6950352
6868432
6852048
6901200
6958576
6876656
6860272
6909424
6950400
6868480
6852096
6901248
6958624
6876704
6860320
6909472
6950448
6868528
6852144
6901296
6958672
6876752
6860368
6909520
6950496
6868576
6852192
6901344
6958736
6876816
6860432
6909584
6950560
6868640
6852256
6901408
6958784
6876864
6860480
6909632
6950608
6868688
6852304
6901456
6958832
6876912
6860528
6909680
6958848
6876928
6860544
6909696
6950672
6868752
6852368
6901520
6958896
6876976
6860592
6909744
6950720
6868800
6852416
6901568
6958944
6877024
6860640
6909792
6950768
6868848
6852464
6901616
6950784
6868864
6852480
6901632
6959008
6877088
6860704
6909856
6950832
6868912
6852528
6901680
6959056
6877136
6860752
6909904
6950880
6868960
6852576
6901728
6959120
6877200
6860816
6909968
6950944
6869024
6852640
6901792
6959168
6877248
6860864
6910016
6950992
6869072
6852688
6901840
6959216
6877296
6860912
6910064
6959232
6877312
6860928
6910080
6951056
6869136
6852752
6901904
6959280
6877360
6860976
6910128
7327936
6951104
6869184
6852800
6901952
6959328
6877408
6861024
6910176
6951152
6869232
6852848
6902000
6951168
6869248
6852864
6902016
6959392
6877472
6861088
6910240
6951216
6869296
6852912
6902064
6959440
6877520
6861136
6910288
7328096
6951264
6869344
6852960
6902112
6959504
6877584
6861200
6910352
6951328
6869408
6853024
6902176
6959552
6877632
6861248
6910400
6951376
6869456
6853072
6902224
6959600
6877680
6861296
6910448
6951424
6869504
6853120
6902272
6959648
6877728
6861344
6910496
6951472
6869552
6853168
6902320
6959696
6877776
6861392
6910544
6951520
6869600
6853216
6902368
6959760
6877840
6861456
6910608
6951584
6869664
6853280
6902432
6959808
6877888
6861504
6910656
6951632
6869712
6853328
6902480
6959856
6877936
6861552
6910704
6959872
6877952
6861568
6910720
6951696
6869776
6853392
6902544
6959920
6878000
6861616
6910768
6951744
6869824
6853440
6902592
6959968
6878048
6861664
6910816
6951792
6869872
6853488
6902640
6951808
6869888
6853504
6902656
6960032
6878112
6861728
6910880
6951856
6869936
6853552
6902704
6960080
6878160
6861776
6910928
6951904
6869984
6853600
6902752
6951936
6870016
6853632
6902784
6960160
6878240
6861856
6911008
6951984
6870064
6853680
6902832
6960208
6878288
6861904
6911056
6952032
6870112
6853728
6902880
6960272
6878352
6861968
6911120
6952096
6870176
6853792
6902944
6960320
6878400
6862016
6911168
6952144
6870224
6853840
6902992
6960368
6878448
6862064
6911216
6960384
6878464
6862080
6911232
6903056
6952208
6870288
6853904
6960432
6878512
6862128
6911280
6952256
6870336
6853952
6903104
6960480
6878560
6862176
6911328
6952304
6870384
6854000
6903152
6952320
6870400
6854016
6903168
6960544
6878624
6862240
6911392
6952368
6870448
6854064
6903216
6960592
6878672
6862288
6911440
6952416
6870496
6854112
6903264
6960640
6878720
6862336
6911488
6952464
6870544
6854160
6903312
6960688
6878768
6862384
6911536
6903360
6952512
6870592
6854208
6960736
6878816
6862432
6911584
6903408
6952560
6870640
6854256
6952576
6870656
6854272
6903424
6960800
6878880
6862496
6911648
6952624
6870704
6854320
6903472
6960848
6878928
6862544
6911696
6952672
6870752
6854368
6903520
6960912
6878992
6862608
6911760
6952736
6870816
6854432
6903584
6960960
6879040
6862656
6911808
6952784
6870864
6854480
6903632
6961008
6879088
6862704
6911856
6961024
6879104
6862720
6911872
6952848
6870928
6854544
6903696
6961072
6879152
6862768
6911920
6952896
6870976
6854592
6903744
6961120
6879200
6862816
6911968
6952944
6871024
6854640
6903792
6871040
6854656
6903808
6961184
6879264
6862880
6912032
6871088
6854704
6903856
6961232
6879312
6862928
6912080
6871136
6854752
6903904
6961296
6879376
6862992
6912144
6871200
6854816
6903968
6961344
6879424
6863040
6912192
6871248
6854864
6904016
6912240
6961392
6879472
6863088
6912256
6961408
6879488
6863104
6871312
6854928
6904080
6961456
6879536
6863152
6912304
6871360
6854976
6904128
6961504
6879584
6863200
6912352
6871408
6855024
6904176
6871424
6855040
6904192
6961568
6879648
6863264
6912416
6871472
6855088
6904240
6961616
6879696
6863312
6912464
6871520
6855136
6904288
6961664
6879744
6863360
6912512
6871568
6855184
6904336
6961712
6879792
6863408
6912560
6871616
6855232
6904384
6961760
6879840
6863456
6912608
6871680
6855296
6904448
6912672
6961824
6879904
6863520
6871728
6855344
6904496
6912720
6961872
6879952
6863568
6871776
6855392
6904544
6961936
6880016
6863632
6912784
6871840
6855456
6904608
6961984
6880064
6863680
6912832
6871888
6855504
6904656
6962032
6880112
6863728
6912880
6962048
6880128
6863744
6912896
6871952
6855568
6904720
6962096
6880176
6863792
6912944
6872000
6855616
6904768
6962144
6880224
6863840
6912992
6872048
6855664
6904816
6962176
6880256
6863872
6913024
6872080
6855696
6904848
6913072
6962224
6880304
6863920
6872128
6855744
6904896
6913120
6962272
6880352
6863968
6872176
6855792
6904944
6954112
6872192
6855808
6904960
6913184
6962336
6880416
6864032
6954160
6872240
6855856
6905008
6913232
6962384
6880464
6864080
6954208
6872288
6855904
6905056
6962448
6880528
6864144
6913296
6954272
6872352
6855968
6905120
6962496
6880576
6864192
6913344
6954320
6872400
6856016
6905168
6962544
6880624
6864240
6913392
6962560
6880640
6864256
6913408
6954384
6872464
6856080
6905232
6913456
6962608
6880688
6864304
6954432
6872512
6856128
6905280
6913504
6962656
6880736
6864352
6954480
6872560
6856176
6905328
6962704
6880784
6864400
6913552
6872608
6856224
6905376
6913600
6962752
6880832
6864448
6872656
6856272
6905424
6913648
6962800
6880880
6864496
6962816
6880896
6864512
6913664
6872720
6856336
6905488
6962864
6880944
6864560
6913712
6872768
6856384
6905536
6962912
6880992
6864608
6913760
6872816
6856432
6905584
6872832
6856448
6905600
6962976
6881056
6864672
6913824
6872880
6856496
6905648
6963024
6881104
6864720
6913872
6872928
6856544
6905696
6913936
6963088
6881168
6864784
6872992
6856608
6905760
6913984
6963136
6881216
6864832
6954960
6873040
6856656
6905808
6963184
6881264
6864880
6914032
